5445 0 1
6440 995 2
11599 5159 3
21058 9459 4
22421 1363 5
23316 895 6
26391 3075 7
27651 1260 8
33200 5549 9
33377 177 10
36700 3323 11
36931 231 12
39771 2840 13
44157 4386 14
46362 2205 15
47366 1004 16
57237 9871 17
57294 57 18
57837 543 19
61511 3674 20
61798 287 21
67705 5907 22
73489 5784 23
76490 3001 24
78114 1624 25
78830 716 26
80049 1219 27
82539 2490 28
84142 1603 29
86249 2107 30
91928 5679 31
96484 4556 32
101426 4942 33
102073 647 34
103184 1111 35
104872 1688 36
107954 3082 37
110838 2884 38
113221 2383 39
119226 6005 40
121825 2599 41
135475 13650 42
141857 6382 43
146952 5095 44
151541 4589 45
151564 23 46
154891 3327 47
156579 1688 48
160342 3763 49
169654 9312 50
173054 3400 51
174331 1277 52
178113 3782 53
179381 1268 54
179428 47 55
181451 2023 56
181913 462 57
186009 4096 58
193795 7786 59
194322 527 60
206110 11788 61
206745 635 62
208326 1581 63
209880 1554 64
211081 1201 65
211654 573 66
219453 7799 67
221096 1643 68
232138 11042 69
234016 1878 70
236698 2682 71
236765 67 72
238371 1606 73
238663 292 74
243763 5100 75
243908 145 76
247364 3456 77
247743 379 78
249389 1646 79
249759 370 80
253240 3481 81
261584 8344 82
262474 890 83
265892 3418 84
266690 798 85
269938 3248 86
270568 630 87
271746 1178 88
273940 2194 89
275707 1767 90
275971 264 91
277234 1263 92
279950 2716 93
280955 1005 94
281141 186 95
282476 1335 96
284338 1862 97
286422 2084 98
287570 1148 99
292891 5321 100
302795 9904 101
304495 1700 102
305869 1374 103
308413 2544 104
310717 2304 105
313860 3143 106
317056 3196 107
318876 1820 108
319153 277 109
320038 885 110
321396 1358 111
321639 243 112
322086 447 113
323304 1218 114
327667 4363 115
332451 4784 116
333037 586 117
334985 1948 118
337924 2939 119
343435 5511 120
349521 6086 121
350718 1197 122
358130 7412 123
358503 373 124
359021 518 125
359556 535 126
360598 1042 127
363042 2444 128
364186 1144 129
367494 3308 130
371857 4363 131
372842 985 132
373314 472 133
378355 5041 134
378994 639 135
388796 9802 136
397200 8404 137
405002 7802 138
406214 1212 139
406321 107 140
406761 440 141
409998 3237 142
411187 1189 143
411271 84 144
412780 1509 145
413286 506 146
415780 2494 147
416971 1191 148
418165 1194 149
421235 3070 150
426758 5523 151
429163 2405 152
437894 8731 153
438410 516 154
444480 6070 155
447339 2859 156
450821 3482 157
454273 3452 158
455465 1192 159
456043 578 160
459359 3316 161
462373 3014 162
463350 977 163
463474 124 164
464548 1074 165
466552 2004 166
467575 1023 167
469393 1818 168
470796 1403 169
471890 1094 170
476923 5033 171
477218 295 172
478212 994 173
479971 1759 174
481939 1968 175
484024 2085 176
484190 166 177
485770 1580 178
486556 786 179
486697 141 180
489330 2633 181
489376 46 182
492125 2749 183
492150 25 184
492412 262 185
493358 946 186
496462 3104 187
497414 952 188
499361 1947 189
502174 2813 190
508642 6468 191
514147 5505 192
514509 362 193
515395 886 194
516862 1467 195
519832 2970 196
522613 2781 197
524930 2317 198
526588 1658 199
531635 5047 200
531860 225 201
536240 4380 202
537934 1694 203
540369 2435 204
543505 3136 205
544654 1149 206
546923 2269 207
547813 890 208
548046 233 209
548675 629 210
549945 1270 211
557581 7636 212
560915 3334 213
561116 201 214
561848 732 215
562283 435 216
563860 1577 217
565852 1992 218
569324 3472 219
575230 5906 220
576614 1384 221
576891 277 222
582346 5455 223
591386 9040 224
595439 4053 225
596134 695 226
600532 4398 227
602040 1508 228
608479 6439 229
612403 3924 230
623638 11235 231
626378 2740 232
636250 9872 233
637987 1737 234
638954 967 235
640707 1753 236
645008 4301 237
645572 564 238
646197 625 239
647293 1096 240
649438 2145 241
650847 1409 242
651199 352 243
652809 1610 244
654580 1771 245
655285 705 246
659944 4659 247
660963 1019 248
661791 828 249
663288 1497 250
663643 355 251
664524 881 252
664982 458 253
665585 603 254
666904 1319 255
668236 1332 256
668992 756 257
674366 5374 258
675001 635 259
678476 3475 260
682259 3783 261
682619 360 262
684183 1564 263
685065 882 264
686435 1370 265
687463 1028 266
693481 6018 267
698407 4926 268
698466 59 269
698637 171 270
698933 296 271
699132 199 272
716986 17854 273
717456 470 274
717822 366 275
721647 3825 276
724042 2395 277
727141 3099 278
730902 3761 279
736434 5532 280
737429 995 281
739596 2167 282
743939 4343 283
744159 220 284
749543 5384 285
750108 565 286
750484 376 287
752423 1939 288
753087 664 289
755899 2812 290
760671 4772 291
761947 1276 292
762494 547 293
767179 4685 294
770414 3235 295
777984 7570 296
783260 5276 297
785485 2225 298
788597 3112 299
794554 5957 300
798735 4181 301
801158 2423 302
807518 6360 303
809420 1902 304
809660 240 305
812020 2360 306
812362 342 307
813906 1544 308
819883 5977 309
824967 5084 310
829108 4141 311
830279 1171 312
832742 2463 313
834498 1756 314
842119 7621 315
848193 6074 316
848826 633 317
855997 7171 318
859686 3689 319
860228 542 320
860607 379 321
862642 2035 322
865504 2862 323
867433 1929 324
874454 7021 325
876189 1735 326
877171 982 327
879570 2399 328
880201 631 329
881810 1609 330
882800 990 331
884073 1273 332
887443 3370 333
887745 302 334
890846 3101 335
893007 2161 336
893676 669 337
893725 49 338
894344 619 339
894946 602 340
896018 1072 341
899039 3021 342
903106 4067 343
903925 819 344
904369 444 345
905644 1275 346
906241 597 347
906702 461 348
906927 225 349
907086 159 350
907741 655 351
912614 4873 352
915710 3096 353
923692 7982 354
928979 5287 355
934482 5503 356
935411 929 357
935567 156 358
935627 60 359
936045 418 360
938366 2321 361
942594 4228 362
944285 1691 363
947970 3685 364
948614 644 365
948848 234 366
957978 9130 367
960263 2285 368
965218 4955 369
966561 1343 370
966597 36 371
966797 200 372
971230 4433 373
972913 1683 374
973423 510 375
974234 811 376
975220 986 377
977925 2705 378
978197 272 379
980712 2515 380
981632 920 381
992212 10580 382
993923 1711 383
994660 737 384
995291 631 385
995540 249 386
998127 2587 387
998484 357 388
1005666 7182 389
1008440 2774 390
1010462 2022 391
1010505 43 392
1020070 9565 393
1020334 264 394
1021457 1123 395
1023041 1584 396
1024996 1955 397
1025082 86 398
1030254 5172 399
1033920 3666 400
1038299 4379 401
1038525 226 402
1039907 1382 403
1040194 287 404
1043147 2953 405
1044218 1071 406
1045354 1136 407
1051951 6597 408
1053571 1620 409
1056561 2990 410
1059721 3160 411
1061054 1333 412
1063991 2937 413
1064580 589 414
1070455 5875 415
1070686 231 416
1079729 9043 417
1081263 1534 418
1081325 62 419
1082670 1345 420
1085149 2479 421
1086993 1844 422
1090871 3878 423
1092908 2037 424
1094452 1544 425
1097008 2556 426
1097516 508 427
1100042 2526 428
1101822 1780 429
1110312 8490 430
1117275 6963 431
1118008 733 432
1118700 692 433
1130989 12289 434
1132399 1410 435
1141368 8969 436
1142389 1021 437
1144360 1971 438
1148805 4445 439
1150387 1582 440
1151635 1248 441
1153053 1418 442
1154356 1303 443
1154481 125 444
1155919 1438 445
1156447 528 446
1156732 285 447
1156777 45 448
1157921 1144 449
1162760 4839 450
1166012 3252 451
1174296 8284 452
1176321 2025 453
1177534 1213 454
1178592 1058 455
1179685 1093 456
1185078 5393 457
1185239 161 458
1185897 658 459
1192434 6537 460
1192756 322 461
1194307 1551 462
1196875 2568 463
1201817 4942 464
1205579 3762 465
1205702 123 466
1207967 2265 467
1210480 2513 468
1216794 6314 469
1219352 2558 470
1222827 3475 471
1229578 6751 472
1230756 1178 473
1236139 5383 474
1241820 5681 475
1242775 955 476
1244531 1756 477
1246253 1722 478
1246796 543 479
1247060 264 480
1247299 239 481
1247449 150 482
1249698 2249 483
1254423 4725 484
1255029 606 485
1256926 1897 486
1265596 8670 487
1266127 531 488
1266668 541 489
1267601 933 490
1271613 4012 491
1273990 2377 492
1275952 1962 493
1277625 1673 494
1278744 1119 495
1286883 8139 496
1288163 1280 497
1292756 4593 498
1293257 501 499
1293605 348 500
1298868 5263 501
1302070 3202 502
1303402 1332 503
1305181 1779 504
1306345 1164 505
1306850 505 506
1308320 1470 507
1310449 2129 508
1311648 1199 509
1313831 2183 510
1315872 2041 511
1321191 5319 512
1322250 1059 513
1322421 171 514
1322592 171 515
1326298 3706 516
1327292 994 517
1328061 769 518
1329328 1267 519
1332136 2808 520
1332729 593 521
1333246 517 522
1333566 320 523
1335519 1953 524
1336930 1411 525
1345472 8542 526
1346499 1027 527
1346638 139 528
1347278 640 529
1348718 1440 530
1348768 50 531
1349314 546 532
1349556 242 533
1349613 57 534
1349901 288 535
1352378 2477 536
1354563 2185 537
1356633 2070 538
1362928 6295 539
1364782 1854 540
1365532 750 541
1365639 107 542
1366142 503 543
1367361 1219 544
1370163 2802 545
1371793 1630 546
1372929 1136 547
1377613 4684 548
1377968 355 549
1379120 1152 550
1381870 2750 551
1382374 504 552
1383618 1244 553
1396028 12410 554
1396059 31 555
1396087 28 556
1401768 5681 557
1402610 842 558
1404450 1840 559
1408731 4281 560
1410667 1936 561
1413470 2803 562
1413659 189 563
1413863 204 564
1416937 3074 565
1417532 595 566
1418556 1024 567
1427867 9311 568
1428025 158 569
1430738 2713 570
1434498 3760 571
1434778 280 572
1434902 124 573
1435564 662 574
1436993 1429 575
1439655 2662 576
1440723 1068 577
1441615 892 578
1442363 748 579
1444493 2130 580
1444567 74 581
1445715 1148 582
1446184 469 583
1447751 1567 584
1448104 353 585
1449167 1063 586
1450285 1118 587
1452079 1794 588
1456021 3942 589
1459753 3732 590
1462140 2387 591
1470116 7976 592
1475414 5298 593
1487767 5256 596
1488306 539 597
1489128 822 598
1490036 908 599
1493126 3090 600
1494546 1420 601
1497191 2645 602
1499803 2612 603
1511729 11926 604
1511816 87 605
1512621 805 606
1515646 3025 607
1517050 1404 608
1519467 2417 609
1519935 468 610
1522835 2900 611
1524486 1651 612
1524900 414 613
1526816 1916 614
1527702 886 615
1527859 157 616
1529060 1201 617
1530271 1211 618
1533039 2768 619
1535102 2063 620
1540966 5864 621
1542144 1178 622
1543203 1059 623
1544279 1076 624
1546038 1759 625
1546077 39 626
1548635 2558 627
1552820 4185 628
1557243 4423 629
1557723 480 630
1561263 3540 631
1563568 2305 632
1564519 951 633
1573955 9436 634
1575937 1982 635
1576073 136 636
1576956 883 637
1577115 159 638
1579968 2853 639
1582760 2792 640
1583720 960 641
1585121 1401 642
1587544 2423 643
1597884 10340 644
1600813 2929 645
1602584 1771 646
1602961 377 647
1605265 2304 648
1606243 978 649
1608670 2427 650
1617495 8825 651
1618254 759 652
1620180 1926 653
1620492 312 654
1624539 4047 655
1625158 619 656
1629600 4442 657
1629676 76 658
1633298 3622 659
1634569 1271 660
1636255 1686 661
1636366 111 662
1641905 5539 663
1642350 445 664
1643913 1563 665
1644505 592 666
1647115 2610 667
1651117 4002 668
1653165 2048 669
1653471 306 670
1654116 645 671
1658610 4494 672
1659636 1026 673
1659921 285 674
1660331 410 675
1662311 1980 676
1665714 3403 677
1666018 304 678
1669328 3310 679
1670811 1483 680
1673359 2548 681
1674070 711 682
1679427 5357 683
1686478 7051 684
1691712 5234 685
1692795 1083 686
1693929 1134 687
1694280 351 688
1696804 2524 689
1698820 2016 690
1701857 3037 691
1709589 7732 692
1714185 4596 693
1714198 13 694
1724797 10599 695
1724845 48 696
1725154 309 697
1726772 1618 698
1727640 868 699
1733566 5926 700
1735820 2254 701
1737332 1512 702
1740724 3392 703
1743223 2499 704
1744662 1439 705
1745957 1295 706
1748788 2831 707
1749483 695 708
1749619 136 709
1750017 398 710
1751114 1097 711
1764922 13808 712
1769181 4259 713
1774320 5139 714
1777281 2961 715
1777833 552 716
1778018 185 717
1781105 3087 718
1784842 3737 719
1785573 731 720
1786905 1332 721
1790416 3511 722
1791706 1290 723
1795275 3569 724
1801611 6336 725
1802654 1043 726
1808503 5849 727
1810402 1899 728
1812716 2314 729
1818385 5669 730
1818932 547 731
1820803 1871 732
1824612 3809 733
1828588 3976 734
1830066 1478 735
1844361 14295 736
1848042 3681 737
1849325 1283 738
1855309 5984 739
1859478 4169 740
1863704 4226 741
1865129 1425 742
1877243 12114 743
1877639 396 744
1878931 1292 745
1881546 2615 746
1883837 2291 747
1884018 181 748
1884304 286 749
1886452 2148 750
1892390 5938 751
1894016 1626 752
1899875 5859 753
1901170 1295 754
1901337 167 755
1904244 2907 756
1906445 2201 757
1908098 1653 758
1914328 6230 759
1914615 287 760
1916906 2291 761
1924521 7615 762
1929425 4904 763
1930467 1042 764
1934247 3780 765
1935990 1743 766
1946683 10693 767
1946899 216 768
1948371 1472 769
1949611 1240 770
1949926 315 771
1950304 378 772
1955188 4884 773
1962415 7227 774
1964881 2466 775
1965714 833 776
1966522 808 777
1973196 6674 778
1975075 1879 779
1976953 1878 780
1979404 2451 781
1981129 1725 782
1982635 1506 783
1988775 6140 784
1991149 2374 785
1991230 81 786
1991841 611 787
1993432 1591 788
1994580 1148 789
1997297 2717 790
1998570 1273 791
2000980 2410 792
2013541 12561 793
2018156 4615 794
2022624 4468 795
2027201 4577 796
2030409 3208 797
2032443 2034 798
2034253 1810 799
2035728 1475 800
2037148 1420 801
2039292 2144 802
2041363 2071 803
2042162 799 804
2045892 3730 805
2046241 349 806
2046998 757 807
2052506 5508 808
2053277 771 809
2054914 1637 810
2057015 2101 811
2057578 563 812
2067600 10022 813
2068256 656 814
2072393 4137 815
2073692 1299 816
2075095 1403 817
2076191 1096 818
2076727 536 819
2077668 941 820
2077857 189 821
2079987 2130 822
2081688 1701 823
2083485 1797 824
2084810 1325 825
2084871 61 826
2091511 6640 827
2096495 4984 828
2098275 1780 829
2100202 1927 830
2105515 5313 831
2107996 2481 832
2111929 3933 833
2113714 1785 834
2118695 4981 835
2120638 1943 836
2126236 5598 837
2133384 7148 838
2136377 2993 839
2140118 3741 840
2140612 494 841
2146535 5923 842
2148907 2372 843
2149462 555 844
2156639 7177 845
2166274 9635 846
2166291 17 847
2169657 3366 848
2180373 10716 849
2181543 1170 850
2182716 1173 851
2184411 1695 852
2186888 2477 853
2187150 262 854
2189355 2205 855
2190099 744 856
2198051 7952 857
2200067 2016 858
2206027 5960 859
2209198 3171 860
2212707 3509 861
2213730 1023 862
2214182 452 863
2219522 5340 864
2220857 1335 865
2221762 905 866
2226461 4699 867
2226826 365 868
2228381 1555 869
2231754 3373 870
2232032 278 871
2235705 3673 872
2236420 715 873
2242784 6364 874
2243179 395 875
2243345 166 876
2243666 321 877
2245359 1693 878
2248064 2705 879
2248344 280 880
2251115 2771 881
2254176 3061 882
2260628 6452 883
2262689 2061 884
2262701 12 885
2264015 1314 886
2269066 5051 887
2269182 116 888
2269583 401 889
2270646 1063 890
2274479 3833 891
2278742 4263 892
2279161 419 893
2283092 3931 894
2284738 1646 895
2291099 6361 896
2293989 2890 897
2296581 2592 898
2297858 1277 899
2299167 1309 900
2302580 3413 901
2302657 77 902
2307063 4406 903
2307328 265 904
2308569 1241 905
2313904 5335 906
2314593 689 907
2315532 939 908
2318060 2528 909
2322055 3995 910
2322880 825 911
2324245 1365 912
2325629 1384 913
2327334 1705 914
2340465 13131 915
2340675 210 916
2344455 3780 917
2345169 714 918
2348081 2912 919
2355924 7843 920
2358544 2620 921
2362014 3470 922
2363756 1742 923
2369590 5834 924
2370573 983 925
2384233 13660 926
2385330 1097 927
2386097 767 928
2389097 3000 929
2389508 411 930
2395550 6042 931
2398907 3357 932
2399703 796 933
2399846 143 934
2400644 798 935
2402081 1437 936
2404622 2541 937
2404753 131 938
2407176 2423 939
2408598 1422 940
2409935 1337 941
2412938 3003 942
2413522 584 943
2416406 2884 944
2416539 133 945
2418348 1809 946
2418690 342 947
2421910 3220 948
2422117 207 949
2427187 5070 950
2428736 1549 951
2429690 954 952
2430866 1176 953
2439128 8262 954
2439534 406 955
2441858 2324 956
2443502 1644 957
2445409 1907 958
2447592 2183 959
2451971 4379 960
2453561 1590 961
2454682 1121 962
2456163 1481 963
2456897 734 964
2459891 2994 965
2460060 169 966
2466630 6570 967
2469719 3089 968
2470035 316 969
2471889 1854 970
2471982 93 971
2474138 2156 972
2474161 23 973
2479144 4983 974
2479843 699 975
2480082 239 976
2484836 4754 977
2486957 2121 978
2490074 3117 979
2496223 6149 980
2500560 4337 981
2500574 14 982
2507337 6763 983
2509181 1844 984
2512011 2830 985
2515258 3247 986
2516493 1235 987
2517753 1260 988
2517787 34 989
2518774 987 990
2523423 4649 991
2533851 10428 992
2535688 1837 993
2537011 1323 994
2538431 1420 995
2539790 1359 996
2540342 552 997
2543210 2868 998
2545787 2577 999
2546550 763 1000
2548543 1993 1001
2550845 2302 1002
2552340 1495 1003
2553640 1300 1004
2553803 163 1005
2557005 3202 1006
2557572 567 1007
2557669 97 1008
2560324 2655 1009
2567105 6781 1010
2567554 449 1011
2570962 3408 1012
2571119 157 1013
2572342 1223 1014
2572895 553 1015
2572946 51 1016
2573252 306 1017
2580504 7252 1018
2584430 3926 1019
2586544 2114 1020
2594273 7729 1021
2598829 4556 1022
2603702 4873 1023
2605040 1338 1024
2614263 9223 1025
2621540 7277 1026
2621603 63 1027
2623228 1625 1028
2624608 1380 1029
2625957 1349 1030
2632198 6241 1031
2635059 2861 1032
2637277 2218 1033
2637338 61 1034
2639330 1992 1035
2643257 3927 1036
2644091 834 1037
2645914 1823 1038
2648539 2625 1039
2649185 646 1040
2649732 547 1041
2656581 6849 1042
2656826 245 1043
2657483 657 1044
2659511 2028 1045
2659620 109 1046
2659774 154 1047
2666375 6601 1048
2668846 2471 1049
2674883 6037 1050
2675251 368 1051
2678600 3349 1052
2679910 1310 1053
2682616 2706 1054
2685268 2652 1055
2686244 976 1056
2690787 4543 1057
2691473 686 1058
2695733 4260 1059
2700138 4405 1060
2701780 1642 1061
2703351 1571 1062
2707502 4151 1063
2708733 1231 1064
2711272 2539 1065
2711788 516 1066
2713268 1480 1067
2719607 6339 1068
2721330 1723 1069
2723673 2343 1070
2725917 2244 1071
2727072 1155 1072
2730426 3354 1073
2734210 3784 1074
2736649 2439 1075
2737982 1333 1076
2741899 3917 1077
2744039 2140 1078
2745369 1330 1079
2745516 147 1080
2745669 153 1081
2747913 2244 1082
2751899 3986 1083
2753507 1608 1084
2755789 2282 1085
2757014 1225 1086
2759463 2449 1087
2764466 5003 1088
2765757 1291 1089
2767260 1503 1090
2767429 169 1091
2769652 2223 1092
2770302 650 1093
2773742 3440 1094
2774639 897 1095
2777014 2375 1096
2781421 4407 1097
2785527 4106 1098
2786792 1265 1099
2787566 774 1100
2788439 873 1101
2788594 155 1102
2791112 2518 1103
2793200 2088 1104
2800040 6840 1105
2804870 4830 1106
2807304 2434 1107
2809721 2417 1108
2811804 2083 1109
2815586 3782 1110
2816444 858 1111
2818065 1621 1112
2818820 755 1113
2834412 15592 1114
2838006 3594 1115
2843212 5206 1116
2849287 6075 1117
2854683 5396 1118
2860199 5516 1119
2862906 2707 1120
2864179 1273 1121
2869118 4939 1122
2870123 1005 1123
2870284 161 1124
2871690 1406 1125
2873317 1627 1126
2874042 725 1127
2880267 6225 1128
2881860 1593 1129
2885921 4061 1130
2888033 2112 1131
2895234 7201 1132
2904476 9242 1133
2906782 2306 1134
2908808 2026 1135
2909390 582 1136
2912628 3238 1137
2914433 1805 1138
2918493 4060 1139
2919521 1028 1140
2920541 1020 1141
2922028 1487 1142
2922610 582 1143
2925327 2717 1144
2926374 1047 1145
2926471 97 1146
2933859 7388 1147
2937909 4050 1148
2940227 2318 1149
2940839 612 1150
2948449 7610 1151
2948861 412 1152
2949027 166 1153
2953450 4423 1154
2958604 5154 1155
2962156 3552 1156
2963509 1353 1157
2963743 234 1158
2965515 1772 1159
2965918 403 1160
2967948 2030 1161
2968153 205 1162
2968186 33 1163
2975468 7282 1164
2975956 488 1165
2975969 13 1166
2980041 4072 1167
2981370 1329 1168
2983867 2497 1169
2984385 518 1170
2987526 3141 1171
2992380 4854 1172
2996069 3689 1173
3001178 5109 1174
3001580 402 1175
3003870 2290 1176
3005660 1790 1177
3010077 4417 1178
3011342 1265 1179
3012363 1021 1180
3013757 1394 1181
3016337 2580 1182
3020832 4495 1183
3023776 2944 1184
3025886 2110 1185
3028642 2756 1186
3031763 3121 1187
3032004 241 1188
3037974 5970 1189
3040528 2554 1190
3042605 2077 1191
3042684 79 1192
3043254 570 1193
3044153 899 1194
3048563 4410 1195
3052732 4169 1196
3054499 1767 1197
3061813 7314 1198
3062521 708 1199
3066072 3551 1200
3068194 2122 1201
3073428 5234 1202
3074675 1247 1203
3087017 12342 1204
3087065 48 1205
3091340 4275 1206
3091358 18 1207
3094484 3126 1208
3105026 10542 1209
3111207 6181 1210
3113482 2275 1211
3113621 139 1212
3115065 1444 1213
3116242 1177 1214
3116725 483 1215
3118513 1788 1216
3118848 335 1217
3119089 241 1218
3120486 1397 1219
3121661 1175 1220
3133258 11597 1221
3136566 3308 1222
3138139 1573 1223
3141320 3181 1224
3142838 1518 1225
3145178 2340 1226
3151093 5915 1227
3152152 1059 1228
3154741 2589 1229
3154891 150 1230
3158237 3346 1231
3159362 1125 1232
3162391 3029 1233
3164577 2186 1234
3164678 101 1235
3165246 568 1236
3166186 940 1237
3175903 9717 1238
3176222 319 1239
3176429 207 1240
3181603 5174 1241
3183777 2174 1242
3190896 7119 1243
3191144 248 1244
3192858 1714 1245
3195823 2965 1246
3196684 861 1247
3197428 744 1248
3199753 2325 1249
3201926 2173 1250
3202790 864 1251
3206595 3805 1252
3206931 336 1253
3207909 978 1254
3210710 2801 1255
3212483 1773 1256
3215868 3385 1257
3225441 9573 1258
3228394 2953 1259
3228499 105 1260
3229575 1076 1261
3230305 730 1262
3232485 2180 1263
3233463 978 1264
3240480 7017 1265
3240905 425 1266
3242721 1816 1267
3245415 2694 1268
3246525 1110 1269
3248504 1979 1270
3249035 531 1271
3254920 5885 1272
3257092 2172 1273
3263342 6250 1274
3263848 506 1275
3265830 1982 1276
3268419 2589 1277
3270278 1859 1278
3272062 1784 1279
3273948 1886 1280
3275807 1859 1281
3283139 7332 1282
3289612 6473 1283
3289717 105 1284
3291616 1899 1285
3291708 92 1286
3294479 2771 1287
3295671 1192 1288
3296665 994 1289
3296921 256 1290
3305278 8357 1291
3305915 637 1292
3306718 803 1293
3310110 3392 1294
3313986 3876 1295
3314139 153 1296
3314199 60 1297
3319668 5469 1298
3319847 179 1299
3321930 2083 1300
3331668 9738 1301
3332544 876 1302
3332909 365 1303
3337150 4241 1304
3338463 1313 1305
3338916 453 1306
3339502 586 1307
3339948 446 1308
3340820 872 1309
3348744 7924 1310
3349513 769 1311
3349980 467 1312
3351956 1976 1313
3354598 2642 1314
3358839 4241 1315
3367297 8458 1316
3369221 1924 1317
3369511 290 1318
3369611 100 1319
3372008 2397 1320
3373604 1596 1321
3374320 716 1322
3375784 1464 1323
3376256 472 1324
3376269 13 1325
3377574 1305 1326
3382001 4427 1327
3383162 1161 1328
3383458 296 1329
3383954 496 1330
3386551 2597 1331
3387327 776 1332
3389775 2448 1333
3394849 5074 1334
3397598 2749 1335
3399078 1480 1336
3400776 1698 1337
3401292 516 1338
3410007 8715 1339
3416893 6886 1340
3417639 746 1341
3419039 1400 1342
3421305 2266 1343
3422344 1039 1344
3425757 3413 1345
3426700 943 1346
3428981 2281 1347
3432035 3054 1348
3435010 2975 1349
3437702 2692 1350
3440429 2727 1351
3442296 1867 1352
3444159 1863 1353
3444482 323 1354
3448646 4164 1355
3459734 11088 1356
3460271 537 1357
3461469 1198 1358
3461956 487 1359
3462150 194 1360
3464426 2276 1361
3465313 887 1362
3465650 337 1363
3467232 1582 1364
3468370 1138 1365
3473442 5072 1366
3473732 290 1367
3475561 1829 1368
3479461 3900 1369
3481021 1560 1370
3481671 650 1371
3490028 8357 1372
3490180 152 1373
3492589 2409 1374
3494142 1553 1375
3495609 1467 1376
3499048 3439 1377
3500030 982 1378
3502215 2185 1379
3504376 2161 1380
3504991 615 1381
3511552 6561 1382
3512163 611 1383
3512371 208 1384
3515821 3450 1385
3516838 1017 1386
3517676 838 1387
3517917 241 1388
3522083 4166 1389
3522414 331 1390
3528810 6396 1391
3529012 202 1392
3531322 2310 1393
3533338 2016 1394
3539397 6059 1395
3541147 1750 1396
3543199 2052 1397
3544370 1171 1398
3546434 2064 1399
3549940 3506 1400
3550371 431 1401
3552093 1722 1402
3552517 424 1403
3557989 5472 1404
3561460 3471 1405
3565128 3668 1406
3569599 4471 1407
3571680 2081 1408
3572505 825 1409
3573574 1069 1410
3574063 489 1411
3579961 5898 1412
3580634 673 1413
3581050 416 1414
3581123 73 1415
3583671 2548 1416
3584314 643 1417
3584690 376 1418
3585037 347 1419
3587083 2046 1420
3587589 506 1421
3594592 7003 1422
3596605 2013 1423
3596881 276 1424
3599270 2389 1425
3600569 1299 1426
3602088 1519 1427
3607568 5480 1428
3611264 3696 1429
3613637 2373 1430
3618140 4503 1431
3622969 4829 1432
3624330 1361 1433
3626459 2129 1434
3627422 963 1435
3630404 2982 1436
3633584 3180 1437
3639146 5562 1438
3639339 193 1439
3639630 291 1440
3643555 3925 1441
3645897 2342 1442
3647078 1181 1443
3648222 1144 1444
3649559 1337 1445
3650064 505 1446
3650561 497 1447
3652818 2257 1448
3653472 654 1449
3654526 1054 1450
3654909 383 1451
3659751 4842 1452
3661536 1785 1453
3662732 1196 1454
3663816 1084 1455
3664883 1067 1456
3669271 4388 1457
3671234 1963 1458
3672868 1634 1459
3677132 4264 1460
3677800 668 1461
3679026 1226 1462
3680385 1359 1463
3681195 810 1464
3682591 1396 1465
3683892 1301 1466
3685353 1461 1467
3685971 618 1468
3691097 5126 1469
3692890 1793 1470
3694109 1219 1471
3699372 5263 1472
3701071 1699 1473
3701214 143 1474
3701599 385 1475
3703093 1494 1476
3706352 3259 1477
3713014 6662 1478
3714564 1550 1479
3715612 1048 1480
3720245 4633 1481
3723206 2961 1482
3725958 2752 1483
3730729 4771 1484
3730794 65 1485
3735255 4461 1486
3740868 5613 1487
3747405 6537 1488
3750900 3495 1489
3751717 817 1490
3751984 267 1491
3756891 4907 1492
3757462 571 1493
3759744 2282 1494
3761753 2009 1495
3766072 4319 1496
3776672 10600 1497
3781429 4757 1498
3783379 1950 1499
3784617 1238 1500
3785902 1285 1501
3787714 1812 1502
3791805 4091 1503
3792355 550 1504
3796797 4442 1505
3801257 4460 1506
3802067 810 1507
3806114 4047 1508
3808154 2040 1509
3808165 11 1510
3820045 11880 1511
3823421 3376 1512
3823667 246 1513
3825222 1555 1514
3828347 3125 1515
3829135 788 1516
3829571 436 1517
3835234 5663 1518
3837191 1957 1519
3838268 1077 1520
3841828 3560 1521
3845446 3618 1522
3847366 1920 1523
3853677 6311 1524
3855905 2228 1525
3859423 3518 1526
3863479 4056 1527
3867066 3587 1528
3869424 2358 1529
3876496 7072 1530
3877354 858 1531
3879412 2058 1532
3879762 350 1533
3883080 3318 1534
3883923 843 1535
3884083 160 1536
3885592 1509 1537
3886159 567 1538
3888452 2293 1539
3889467 1015 1540
3891575 2108 1541
3893308 1733 1542
3901222 7914 1543
3901889 667 1544
3906731 4842 1545
3908738 2007 1546
3912675 3937 1547
3914846 2171 1548
3915446 600 1549
3917010 1564 1550
3919945 2935 1551
3924676 4731 1552
3929415 4739 1553
3932950 3535 1554
3933761 811 1555
3933794 33 1556
3937304 3510 1557
3937741 437 1558
3938404 663 1559
3946368 7964 1560
3951618 5250 1561
3952727 1109 1562
3954997 2270 1563
3958335 3338 1564
3960186 1851 1565
3967171 6985 1566
3969746 2575 1567
3971633 1887 1568
3972317 684 1569
3977720 5403 1570
3980023 2303 1571
3980470 447 1572
3983016 2546 1573
3983729 713 1574
3986073 2344 1575
3988895 2822 1576
3990359 1464 1577
3990674 315 1578
3991487 813 1579
3992086 599 1580
3994381 2295 1581
3994856 475 1582
4002572 7716 1583
4006323 3751 1584
4010760 4437 1585
4013070 2310 1586
4018410 5340 1587
4020090 1680 1588
4020610 520 1589
4026728 6118 1590
4034554 7826 1591
4038363 3809 1592
4039953 1590 1593
4040254 301 1594
4041190 936 1595
4041479 289 1596
4042314 835 1597
4043637 1323 1598
4045844 2207 1599
4057294 11450 1600
4057606 312 1601
4058264 658 1602
4058513 249 1603
4061012 2499 1604
4062260 1248 1605
4069093 6833 1606
4070249 1156 1607
4070300 51 1608
4071453 1153 1609
4072151 698 1610
4077416 5265 1611
4078040 624 1612
4079931 1891 1613
4086811 6880 1614
4088102 1291 1615
4088348 246 1616
4089227 879 1617
4092432 3205 1618
4093942 1510 1619
4095071 1129 1620
4097607 2536 1621
4099043 1436 1622
4100000 957 1623
4100912 912 1624
4103379 2467 1625
4105288 1909 1626
4108606 3318 1627
4110419 1813 1628
4111338 919 1629
4114050 2712 1630
4118374 4324 1631
4119581 1207 1632
4121041 1460 1633
4128246 7205 1634
4129987 1741 1635
4132167 2180 1636
4132182 15 1637
4134422 2240 1638
4136492 2070 1639
4140308 3816 1640
4141609 1301 1641
4142903 1294 1642
4144161 1258 1643
4146587 2426 1644
4152449 5862 1645
4156954 4505 1646
4161132 4178 1647
4167149 6017 1648
4169820 2671 1649
4174584 4764 1650
4174999 415 1651
4177538 2539 1652
4177914 376 1653
4179188 1274 1654
4179757 569 1655
4181575 1818 1656
4195965 14390 1657
4196943 978 1658
4198342 1399 1659
4199733 1391 1660
4200172 439 1661
4203085 2913 1662
4206772 3687 1663
4211321 4549 1664
4211471 150 1665
4214789 3318 1666
4217067 2278 1667
4221028 3961 1668
4221713 685 1669
4224944 3231 1670
4225026 82 1671
4231148 6122 1672
4232257 1109 1673
4233252 995 1674
4237396 4144 1675
4238820 1424 1676
4239304 484 1677
4244025 4721 1678
4247348 3323 1679
4250145 2797 1680
4253376 3231 1681
4254900 1524 1682
4259636 4736 1683
4266931 7295 1684
4267456 525 1685
4269477 2021 1686
4270560 1083 1687
4271493 933 1688
4271917 424 1689
4273894 1977 1690
4275359 1465 1691
4276177 818 1692
4277773 1596 1693
4279019 1246 1694
4282545 3526 1695
4283754 1209 1696
4288432 4678 1697
4293160 4728 1698
4301380 8220 1699
4302774 1394 1700
4304244 1470 1701
4305359 1115 1702
4305674 315 1703
4306405 731 1704
4306908 503 1705
4307772 864 1706
4314723 6951 1707
4314860 137 1708
4315813 953 1709
4317230 1417 1710
4317843 613 1711
4320066 2223 1712
4324643 4577 1713
4329578 4935 1714
4333058 3480 1715
4338867 5809 1716
4339326 459 1717
4339807 481 1718
4340161 354 1719
4343943 3782 1720
4346425 2482 1721
4348961 2536 1722
4349155 194 1723
4349233 78 1724
4349671 438 1725
4353787 4116 1726
4355599 1812 1727
4356263 664 1728
4357174 911 1729
4358045 871 1730
4360692 2647 1731
4363656 2964 1732
4364695 1039 1733
4367676 2981 1734
4367790 114 1735
4378460 10670 1736
4387079 8619 1737
4400240 13161 1738
4402890 2650 1739
4403681 791 1740
4416821 13140 1741
4425048 8227 1742
4426010 962 1743
4426126 116 1744
4426184 58 1745
4428537 2353 1746
4431305 2768 1747
4433026 1721 1748
4434276 1250 1749
4435923 1647 1750
4437048 1125 1751
4437920 872 1752
4438525 605 1753
4443014 4489 1754
4444061 1047 1755
4455334 11273 1756
4459000 3666 1757
4461230 2230 1758
4464954 3724 1759
4471588 6634 1760
4472707 1119 1761
4479685 6978 1762
4483745 4060 1763
4484204 459 1764
4485921 1717 1765
4485953 32 1766
4487490 1537 1767
4490172 2682 1768
4490847 675 1769
4492575 1728 1770
4493880 1305 1771
4495446 1566 1772
4496352 906 1773
4508995 12643 1774
4513941 4946 1775
4514522 581 1776
4518417 3895 1777
4518595 178 1778
4522405 3810 1779
4526475 4070 1780
4527737 1262 1781
4527778 41 1782
4532050 4272 1783
4534899 2849 1784
4538051 3152 1785
4538098 47 1786
4539535 1437 1787
4543775 4240 1788
4544843 1068 1789
4547662 2819 1790
4549241 1579 1791
4550082 841 1792
4550757 675 1793
4553744 2987 1794
4557955 4211 1795
4560599 2644 1796
4564186 3587 1797
4567021 2835 1798
4570017 2996 1799
4571302 1285 1800
4571364 62 1801
4572791 1427 1802
4576606 3815 1803
4576883 277 1804
4577795 912 1805
4579343 1548 1806
4581464 2121 1807
4584755 3291 1808
4593894 9139 1809
4595975 2081 1810
4601030 5055 1811
4604165 3135 1812
4605178 1013 1813
4607028 1850 1814
4613955 6927 1815
4615484 1529 1816
4621469 5985 1817
4627212 5743 1818
4627897 685 1819
4628709 812 1820
4629789 1080 1821
4629938 149 1822
4630531 593 1823
4630691 160 1824
4631380 689 1825
4633135 1755 1826
4637479 4344 1827
4638197 718 1828
4640074 1877 1829
4641359 1285 1830
4649491 8132 1831
4650319 828 1832
4656585 6266 1833
4658497 1912 1834
4658548 51 1835
4663650 5102 1836
4670301 6651 1837
4671499 1198 1838
4676502 5003 1839
4683594 7092 1840
4690293 6699 1841
4691737 1444 1842
4692966 1229 1843
4694877 1911 1844
4695892 1015 1845
4702810 6918 1846
4704575 1765 1847
4709175 4600 1848
4718746 9571 1849
4720402 1656 1850
4723904 3502 1851
4728355 4451 1852
4729583 1228 1853
4729583 1228 1853
4729697 114 1854
4730038 341 1855
4732408 2370 1856
4733419 1011 1857
4736813 3394 1858
4742724 5911 1859
4744263 1539 1860
4749847 5584 1861
4750074 227 1862
4763795 13721 1863
4766322 2527 1864
4767340 1018 1865
4775963 8623 1866
4776672 709 1867
4778211 1539 1868
4780465 2254 1869
4784335 3870 1870
4789184 4849 1871
4790773 1589 1872
4790982 209 1873
4793374 2392 1874
4793849 475 1875
4794448 599 1876
4798028 3580 1877
4804069 6041 1878
4804481 412 1879
4808294 3813 1880
4809854 1560 1881
4816672 6818 1882
4817284 612 1883
4818137 853 1884
4820111 1974 1885
4821272 1161 1886
4822248 976 1887
4823050 802 1888
4825479 2429 1889
4828064 2585 1890
4828163 99 1891
4828649 486 1892
4829577 928 1893
4831797 2220 1894
4833943 2146 1895
4843134 9191 1896
4844646 1512 1897
4849594 4948 1898
4850235 641 1899
4855441 5206 1900
4856627 1186 1901
4859089 2462 1902
4862547 3458 1903
4865283 2736 1904
4866394 1111 1905
4867333 939 1906
4868316 983 1907
4871244 2928 1908
4871420 176 1909
4871885 465 1910
4874747 2862 1911
4875730 983 1912
4884109 8379 1913
4884484 375 1914
4884833 349 1915
4885244 411 1916
4885432 188 1917
4890535 5103 1918
4895266 4731 1919
4897655 2389 1920
4898613 958 1921
4899555 942 1922
4900199 644 1923
4905128 4929 1924
4905903 775 1925
4907147 1244 1926
4915958 8811 1927
4921762 5804 1928
4922945 1183 1929
4926191 3246 1930
4927785 1594 1931
4930760 2975 1932
4931346 586 1933
4936835 5489 1934
4938537 1702 1935
4940392 1855 1936
4940761 369 1937
4941558 797 1938
4942315 757 1939
4942521 206 1940
4943050 529 1941
4948311 5261 1942
4950788 2477 1943
4950946 158 1944
4951828 882 1945
4952877 1049 1946
4956768 3891 1947
4958223 1455 1948
4958488 265 1949
4962446 3958 1950
4964683 2237 1951
4965801 1118 1952
4967060 1259 1953
4969082 2022 1954
4969889 807 1955
4970407 518 1956
4972420 2013 1957
4975381 2961 1958
4976560 1179 1959
4976979 419 1960
4979481 2502 1961
4981852 2371 1962
4984242 2390 1963
4986689 2447 1964
4991733 5044 1965
4992401 668 1966
4993705 1304 1967
4996130 2425 1968
4996559 429 1969
4997270 711 1970
4998525 1255 1971
5000282 1757 1972
5003209 2927 1973
5003911 702 1974
5004568 657 1975
5004925 357 1976
5007238 2313 1977
5007585 347 1978
5012429 4844 1979
5012676 247 1980
5014685 2009 1981
5015983 1298 1982
5022124 6141 1983
5023633 1509 1984
5024588 955 1985
5024702 114 1986
5025028 326 1987
5026182 1154 1988
5029327 3145 1989
5033402 4075 1990
5037283 3881 1991
5040063 2780 1992
5040224 161 1993
5040263 39 1994
5040289 26 1995
5052054 11765 1996
5063060 11006 1997
5063373 313 1998
5063783 410 1999
5064264 481 2000
5064873 609 2001
5067037 2164 2002
5067334 297 2003
5069276 1942 2004
5073289 4013 2005
5073638 349 2006
5073727 89 2007
5074872 1145 2008
5076143 1271 2009
5079788 3645 2010
5080585 797 2011
5083005 2420 2012
5083874 869 2013
5084650 776 2014
5085754 1104 2015
5087631 1877 2016
5087894 263 2017
5088576 682 2018
5088699 123 2019
5091392 2693 2020
5092783 1391 2021
5094469 1686 2022
5094781 312 2023
5095451 670 2024
5101407 5956 2025
5102573 1166 2026
5107200 4627 2027
5107243 43 2028
5109195 1952 2029
5109807 612 2030
5110986 1179 2031
5111730 744 2032
5112942 1212 2033
5118471 5529 2034
5118597 126 2035
5120569 1972 2036
5122783 2214 2037
5124116 1333 2038
5124997 881 2039
5126586 1589 2040
5129425 2839 2041
5129785 360 2042
5129890 105 2043
5130984 1094 2044
5132846 1862 2045
5134533 1687 2046
5135899 1366 2047
5136662 763 2048
5136834 172 2049
5137208 374 2050
5145924 8716 2051
5147424 1500 2052
5148473 1049 2053
5148589 116 2054
5148747 158 2055
5149986 1239 2056
5152863 2877 2057
5152980 117 2058
5159792 6812 2059
5163368 3576 2060
5166770 3402 2061
5168621 1851 2062
5169937 1316 2063
5182385 12448 2064
5183820 1435 2065
5185929 2109 2066
5193844 7915 2067
5196002 2158 2068
5198782 2780 2069
5202674 3892 2070
5202965 291 2071
5204184 1219 2072
5206064 1880 2073
5216248 10184 2074
5218116 1868 2075
5219154 1038 2076
5219616 462 2077
5225575 5959 2078
5226633 1058 2079
5228881 2248 2080
5229677 796 2081
5229799 122 2082
5229826 27 2083
5230253 427 2084
5230400 147 2085
5232174 1774 2086
5234205 2031 2087
5237312 3107 2088
5241281 3969 2089
5242824 1543 2090
5243070 246 2091
5244002 932 2092
5244022 20 2093
5248388 4366 2094
5248764 376 2095
5251142 2378 2096
5251718 576 2097
5263518 11800 2098
5264102 584 2099
5266054 1952 2100
5266673 619 2101
5269080 2407 2102
5276471 7391 2103
5276598 127 2104
5277118 520 2105
5277602 484 2106
5280206 2604 2107
5281406 1200 2108
5287413 6007 2109
5288532 1119 2110
5292702 4170 2111
5292953 251 2112
5294751 1798 2113
5298030 3279 2114
5298254 224 2115
5303639 5385 2116
5305472 1833 2117
5307564 2092 2118
5310511 2947 2119
5311059 548 2120
5311925 866 2121
5317322 5397 2122
5318801 1479 2123
5320130 1329 2124
5323828 3698 2125
5326091 2263 2126
5328394 2303 2127
5328447 53 2128
5328458 11 2129
5329744 1286 2130
5330657 913 2131
5331082 425 2132
5336452 5370 2133
5338052 1600 2134
5340886 2834 2135
5343343 2457 2136
5348939 5596 2137
5352246 3307 2138
5355296 3050 2139
5358504 3208 2140
5359748 1244 2141
5361695 1947 2142
5365021 3326 2143
5365605 584 2144
5374320 8715 2145
5380404 6084 2146
5386258 5854 2147
5387016 758 2148
5403226 16210 2149
5404335 1109 2150
5404495 160 2151
5410074 5579 2152
5411771 1697 2153
5415840 4069 2154
5418224 2384 2155
5418575 351 2156
5420896 2321 2157
5423517 2621 2158
5426365 2848 2159
5428085 1720 2160
5432050 3965 2161
5432306 256 2162
5434217 1911 2163
5437948 3731 2164
5441084 3136 2165
5450266 9182 2166
5451173 907 2167
5458202 7029 2168
5458252 50 2169
5460981 2729 2170
5462963 1982 2171
5464686 1723 2172
5465779 1093 2173
5468470 2691 2174
5468817 347 2175
5471639 2822 2176
5473771 2132 2177
5475595 1824 2178
5476188 593 2179
5481974 5786 2180
5487606 5632 2181
5487852 246 2182
5491247 3395 2183
5492762 1515 2184
5497564 4802 2185
5502047 4483 2186
5502668 621 2187
5505148 2480 2188
5506366 1218 2189
5508782 2416 2190
5508978 196 2191
5517167 8189 2192
5527416 10249 2193
5534413 6997 2194
5540204 5791 2195
5542973 2769 2196
5543347 374 2197
5543734 387 2198
5544543 809 2199
5544734 191 2200
5545090 356 2201
5545463 373 2202
5547752 2289 2203
5550368 2616 2204
5552210 1842 2205
5553973 1763 2206
5561630 7657 2207
5562093 463 2208
5565594 3501 2209
5567012 1418 2210
5568659 1647 2211
5572322 3663 2212
5573593 1271 2213
5574137 544 2214
5575812 1675 2215
5581381 5569 2216
5585275 3894 2217
5597204 11929 2218
5599380 2176 2219
5602277 2897 2220
5604464 2187 2221
5613451 8987 2222
5615400 1949 2223
5616979 1579 2224
5624662 7683 2225
5631181 6519 2226
5631681 500 2227
5635837 4156 2228
5638451 2614 2229
5638742 291 2230
5638931 189 2231
5639936 1005 2232
5641134 1198 2233
5641948 814 2234
5644531 2583 2235
5644712 181 2236
5649708 4996 2237
5657434 7726 2238
5658304 870 2239
5661826 3522 2240
5663580 1754 2241
5667874 4294 2242
5670880 3006 2243
5673697 2817 2244
5674675 978 2245
5681445 6770 2246
5689117 7672 2247
5693757 4640 2248
5695408 1651 2249
5697859 2451 2250
5698106 247 2251
5712602 14496 2252
5713037 435 2253
5714742 1705 2254
5716131 1389 2255
5717904 1773 2256
5720649 2745 2257
5723364 2715 2258
5724104 740 2259
5725703 1599 2260
5726876 1173 2261
5727806 930 2262
5730081 2275 2263
5737623 7542 2264
5740929 3306 2265
5743091 2162 2266
5743126 35 2267
5743752 626 2268
5750019 6267 2269
5750038 19 2270
5755570 5532 2271
5756542 972 2272
5756811 269 2273
5757903 1092 2274
5758328 425 2275
5759509 1181 2276
5761597 2088 2277
5763008 1411 2278
5765189 2181 2279
5766533 1344 2280
5769632 3099 2281
5769744 112 2282
5772734 2990 2283
5772827 93 2284
5774090 1263 2285
5778968 4878 2286
5780111 1143 2287
5784660 4549 2288
5786818 2158 2289
5790728 3910 2290
5791283 555 2291
5793312 2029 2292
5794413 1101 2293
5796852 2439 2294
5797605 753 2295
5798132 527 2296
5799419 1287 2297
5800457 1038 2298
5802392 1935 2299
5803604 1212 2300
5808334 4730 2301
5813832 5498 2302
5814128 296 2303
5818462 4334 2304
5821000 2538 2305
5825610 4610 2306
5825920 310 2307
5831400 5480 2308
5834254 2854 2309
5835886 1632 2310
5839906 4020 2311
5840128 222 2312
5840150 22 2313
5841225 1075 2314
5842211 986 2315
5842243 32 2316
5842995 752 2317
5846769 3774 2318
5849009 2240 2319
5849067 58 2320
5850213 1146 2321
5855029 4816 2322
5855150 121 2323
5855907 757 2324
5862269 6362 2325
5863648 1379 2326
5863834 186 2327
5866575 2741 2328
5870285 3710 2329
5874555 4270 2330
5878924 4369 2331
5881025 2101 2332
5883970 2945 2333
5887856 3886 2334
5890699 2843 2335
5894789 4090 2336
5899193 4404 2337
5900082 889 2338
5902581 2499 2339
5905107 2526 2340
5907048 1941 2341
5909994 2946 2342
5913282 3288 2343
5920104 6822 2344
5920792 688 2345
5930073 9281 2346
5930517 444 2347
5935118 4601 2348
5936653 1535 2349
5938923 2270 2350
5939294 371 2351
5940508 1214 2352
5941131 623 2353
5944925 3794 2354
5947313 2388 2355
5949373 2060 2356
5953998 4625 2357
5961103 7105 2358
5963554 2451 2359
5964214 660 2360
5964576 362 2361
5965198 622 2362
5966606 1408 2363
5967080 474 2364
5973051 5971 2365
5975696 2645 2366
5975709 13 2367
5982247 6538 2368
5984325 2078 2369
5989269 4944 2370
5990109 840 2371
5994079 3970 2372
6000462 6383 2373
6001314 852 2374
6004074 2760 2375
6004085 11 2376
6005611 1526 2377
6005719 108 2378
6008105 2386 2379
6011217 3112 2380
6012857 1640 2381
6015760 2903 2382
6015978 218 2383
6016011 33 2384
6025348 9337 2385
6026951 1603 2386
6027188 237 2387
6035819 8631 2388
6042317 6498 2389
6043291 974 2390
6047438 4147 2391
6050134 2696 2392
6050553 419 2393
6055132 4579 2394
6064272 9140 2395
6064339 67 2396
6064945 606 2397
6065982 1037 2398
6066494 512 2399
6067511 1017 2400
6067573 62 2401
6068078 505 2402
6071285 3207 2403
6073079 1794 2404
6079918 6839 2405
6082406 2488 2406
6084497 2091 2407
6088429 3932 2408
6088851 422 2409
6090288 1437 2410
6092302 2014 2411
6095096 2794 2412
6101727 6631 2413
6106687 4960 2414
6107207 520 2415
6112368 5161 2416
6113742 1374 2417
6114114 372 2418
6119608 5494 2419
6120774 1166 2420
6124626 3852 2421
6127562 2936 2422
6128307 745 2423
6130298 1991 2424
6133273 2975 2425
6134347 1074 2426
6147335 12988 2427
6150602 3267 2428
6150998 396 2429
6154287 3289 2430
6154351 64 2431
6155214 863 2432
6156197 983 2433
6158411 2214 2434
6162712 4301 2435
6162866 154 2436
6167665 4799 2437
6169265 1600 2438
6172197 2932 2439
6173062 865 2440
6176652 3590 2441
6179803 3151 2442
6184909 5106 2443
6191494 6585 2444
6191686 192 2445
6191990 304 2446
6192804 814 2447
6193006 202 2448
6196758 3752 2449
6198700 1942 2450
6204236 5536 2451
6205742 1506 2452
6207361 1619 2453
6210763 3402 2454
6214081 3318 2455
6214147 66 2456
6218708 4561 2457
6225976 7268 2458
6232086 6110 2459
6232388 302 2460
6232527 139 2461
6236304 3777 2462
6236595 291 2463
6237145 550 2464
6241155 4010 2465
6248697 7542 2466
6253763 5066 2467
6255102 1339 2468
6263275 8173 2469
6263888 613 2470
6264884 996 2471
6265061 177 2472
6266351 1290 2473
6267515 1164 2474
6268161 646 2475
6268732 571 2476
6273511 4779 2477
6273833 322 2478
6275944 2111 2479
6276152 208 2480
6276989 837 2481
6278045 1056 2482
6285838 7793 2483
6290108 4270 2484
6291486 1378 2485
6292989 1503 2486
6295417 2428 2487
6295887 470 2488
6297509 1622 2489
6298914 1405 2490
6303729 4815 2491
6306131 2402 2492
6306499 368 2493
6309102 2603 2494
6310331 1229 2495
6314437 4106 2496
6315542 1105 2497
6316691 1149 2498
6316809 118 2499
6321889 5080 2500
6323491 1602 2501
6330261 6770 2502
6330912 651 2503
6333027 2115 2504
6334291 1264 2505
6334811 520 2506
6335569 758 2507
6336181 612 2508
6336534 353 2509
6337696 1162 2510
6339127 1431 2511
6339809 682 2512
6340197 388 2513
6345366 5169 2514
6345750 384 2515
6354867 9117 2516
6360256 5389 2517
6374310 14054 2518
6379219 4909 2519
6379294 75 2520
6379723 429 2521
6379782 59 2522
6386807 7025 2523
6387490 683 2524
6393629 6139 2525
6394379 750 2526
6400049 5670 2527
6401591 1542 2528
6407917 6326 2529
6408461 544 2530
6409671 1210 2531
6409880 209 2532
6412304 2424 2533
6412602 298 2534
6413471 869 2535
6416712 3241 2536
6418506 1794 2537
6428785 10279 2538
6430712 1927 2539
6431832 1120 2540
6432579 747 2541
6438921 6342 2542
6440940 2019 2543
6441094 154 2544
6441720 626 2545
6441787 67 2546
6448686 6899 2547
6450058 1372 2548
6450817 759 2549
6455951 5134 2550
6458205 2254 2551
6459739 1534 2552
6461477 1738 2553
6467712 6235 2554
6467732 20 2555
6468774 1042 2556
6470801 2027 2557
6475686 4885 2558
6475867 181 2559
6477307 1440 2560
6483110 5803 2561
6486785 3675 2562
6488209 1424 2563
6490018 1809 2564
6490427 409 2565
6495388 4961 2566
6496733 1345 2567
6497265 532 2568
6501373 4108 2569
6504402 3029 2570
6506349 1947 2571
6509399 3050 2572
6513811 4412 2573
6514130 319 2574
6520173 6043 2575
6523025 2852 2576
6523305 280 2577
6524737 1432 2578
6527869 3132 2579
6528780 911 2580
6536512 7732 2581
6538820 2308 2582
6545447 6627 2583
6546672 1225 2584
6548886 2214 2585
6549835 949 2586
6550595 760 2587
6551640 1045 2588
6553660 2020 2589
6553710 50 2590
6553870 160 2591
6556728 2858 2592
6560692 3964 2593
6566693 6001 2594
6566857 164 2595
6567754 897 2596
6568483 729 2597
6569661 1178 2598
6570097 436 2599
6573115 3018 2600
6580349 7234 2601
6580946 597 2602
6582219 1273 2603
6585965 3746 2604
6589104 3139 2605
6589154 50 2606
6589394 240 2607
6595804 6410 2608
6604976 9172 2609
6605619 643 2610
6612634 7015 2611
6617771 5137 2612
6625009 7238 2613
6626906 1897 2614
6629640 2734 2615
6630764 1124 2616
6630838 74 2617
6635081 4243 2618
6636410 1329 2619
6636432 22 2620
6639141 2709 2621
6639688 547 2622
6643107 3419 2623
6644434 1327 2624
6645493 1059 2625
6650106 4613 2626
6658802 8696 2627
6659020 218 2628
6663083 4063 2629
6665571 2488 2630
6668647 3076 2631
6670059 1412 2632
6671145 1086 2633
6671406 261 2634
6671724 318 2635
6672558 834 2636
6673088 530 2637
6673602 514 2638
6674507 905 2639
6675072 565 2640
6675584 512 2641
6677302 1718 2642
6677517 215 2643
6684392 6875 2644
6684611 219 2645
6690536 5925 2646
6692119 1583 2647
6692345 226 2648
6700589 8244 2649
6708431 7842 2650
6714540 6109 2651
6716664 2124 2652
6719070 2406 2653
6722068 2998 2654
6725078 3010 2655
6732633 7555 2656
6733106 473 2657
6735332 2226 2658
6740605 5273 2659
6747253 6648 2660
6747770 517 2661
6749778 2008 2662
6749919 141 2663
6750331 412 2664
6752092 1761 2665
6757161 5069 2666
6762830 5669 2667
6763794 964 2668
6765461 1667 2669
6765684 223 2670
6769458 3774 2671
6771528 2070 2672
6772026 498 2673
6773212 1186 2674
6779119 5907 2675
6779402 283 2676
6781028 1626 2677
6785912 4884 2678
6786373 461 2679
6787441 1068 2680
6787608 167 2681
6792048 4440 2682
6792093 45 2683
6792853 760 2684
6794536 1683 2685
6795534 998 2686
6798883 3349 2687
6801199 2316 2688
6809239 8040 2689
6809674 435 2690
6810615 941 2691
6812358 1743 2692
6821229 8871 2693
6821987 758 2694
6827103 5116 2695
6833935 6832 2696
6834363 428 2697
6837781 3418 2698
6842012 4231 2699
6843512 1500 2700
6845258 1746 2701
6845478 220 2702
6851866 6388 2703
6854362 2496 2704
6861509 7147 2705
6863509 2000 2706
6865651 2142 2707
6865844 193 2708
6873981 8137 2709
6874058 77 2710
6874647 589 2711
6875881 1234 2712
6877325 1444 2713
6884076 6751 2714
6887744 3668 2715
6890213 2469 2716
6890384 171 2717
6893304 2920 2718
6895290 1986 2719
6895959 669 2720
6899742 3783 2721
6901427 1685 2722
6901647 220 2723
6902683 1036 2724
6903199 516 2725
6904009 810 2726
6904758 749 2727
6919987 15229 2728
6922861 2874 2729
6923020 159 2730
6927143 4123 2731
6928634 1491 2732
6929657 1023 2733
6934821 5164 2734
6935584 763 2735
6941455 5871 2736
6942812 1357 2737
6943000 188 2738
6947171 4171 2739
6949173 2002 2740
6949191 18 2741
6951787 2596 2742
6952966 1179 2743
6953571 605 2744
6956434 2863 2745
6959122 2688 2746
6964610 5488 2747
6964647 37 2748
6967143 2496 2749
6967668 525 2750
6968967 1299 2751
6969185 218 2752
6969203 18 2753
6969720 517 2754
6969998 278 2755
6971353 1355 2756
6973648 2295 2757
6975042 1394 2758
6978360 3318 2759
6979134 774 2760
6985629 6495 2761
6985863 234 2762
6990793 4930 2763
6991144 351 2764
6996558 5414 2765
6997538 980 2766
6997922 384 2767
7003407 5485 2768
7004020 613 2769
7005953 1933 2770
7008745 2792 2771
7012080 3335 2772
7013046 966 2773
7014688 1642 2774
7015238 550 2775
7018434 3196 2776
7021791 3357 2777
7023505 1714 2778
7024596 1091 2779
7025390 794 2780
7029724 4334 2781
7030268 544 2782
7030969 701 2783
7034726 3757 2784
7035810 1084 2785
7035976 166 2786
7039006 3030 2787
7039591 585 2788
7041828 2237 2789
7044575 2747 2790
7045354 779 2791
7045567 213 2792
7046679 1112 2793
7047898 1219 2794
7050313 2415 2795
7050561 248 2796
7052006 1445 2797
7053761 1755 2798
7055949 2188 2799
7057422 1473 2800
7058885 1463 2801
7059940 1055 2802
7064879 4939 2803
7065129 250 2804
7066706 1577 2805
7071740 5034 2806
7072508 768 2807
7073740 1232 2808
7073777 37 2809
7073861 84 2810
7074446 585 2811
7079305 4859 2812
7081640 2335 2813
7083677 2037 2814
7085721 2044 2815
7090887 5166 2816
7092697 1810 2817
7093824 1127 2818
7095257 1433 2819
7099888 4631 2820
7100667 779 2821
7103345 2678 2822
7109851 6506 2823
7110148 297 2824
7110591 443 2825
7117734 7143 2826
7122036 4302 2827
7122681 645 2828
7123873 1192 2829
7127063 3190 2830
7129217 2154 2831
7133901 4684 2832
7134644 743 2833
7135592 948 2834
7137456 1864 2835
7138762 1306 2836
7140362 1600 2837
7140373 11 2838
7144184 3811 2839
7151720 7536 2840
7152766 1046 2841
7154195 1429 2842
7157109 2914 2843
7158198 1089 2844
7162730 4532 2845
7165762 3032 2846
7167057 1295 2847
7168583 1526 2848
7169466 883 2849
7170490 1024 2850
7173963 3473 2851
7181163 7200 2852
7189761 8598 2853
7190265 504 2854
7196832 6567 2855
7198445 1613 2856
7204622 6177 2857
7208369 3747 2858
7208896 527 2859
7215983 7087 2860
7217221 1238 2861
7223033 5812 2862
7223745 712 2863
7224495 750 2864
7225351 856 2865
7226446 1095 2866
7226602 156 2867
7226776 174 2868
7228284 1508 2869
7228710 426 2870
7232663 3953 2871
7233366 703 2872
7238377 5011 2873
7238728 351 2874
7239506 778 2875
7243728 4222 2876
7244143 415 2877
7249466 5323 2878
7249689 223 2879
7249827 138 2880
7250122 295 2881
7250199 77 2882
7251470 1271 2883
7253714 2244 2884
7254095 381 2885
7254475 380 2886
7256852 2377 2887
7258641 1789 2888
7259024 383 2889
7259530 506 2890
7260500 970 2891
7261217 717 2892
7262085 868 2893
7265269 3184 2894
7268342 3073 2895
7270897 2555 2896
7272965 2068 2897
7283545 10580 2898
7283690 145 2899
7286411 2721 2900
7292694 6283 2901
7294756 2062 2902
7297525 2769 2903
7300758 3233 2904
7301217 459 2905
7303826 2609 2906
7306045 2219 2907
7313598 7553 2908
7316137 2539 2909
7317140 1003 2910
7318944 1804 2911
7320360 1416 2912
7330945 10585 2913
7331872 927 2914
7335171 3299 2915
7338502 3331 2916
7341047 2545 2917
7341257 210 2918
7351200 9943 2919
7352646 1446 2920
7353598 952 2921
7354658 1060 2922
7354671 13 2923
7358789 4118 2924
7358941 152 2925
7360545 1604 2926
7362614 2069 2927
7362784 170 2928
7370441 7657 2929
7370850 409 2930
7374442 3592 2931
7376978 2536 2932
7379769 2791 2933
7381328 1559 2934
7383141 1813 2935
7384615 1474 2936
7388102 3487 2937
7389061 959 2938
7395070 6009 2939
7395505 435 2940
7397494 1989 2941
7401320 3826 2942
7402062 742 2943
7403311 1249 2944
7407032 3721 2945
7407120 88 2946
7414437 7317 2947
7417674 3237 2948
7419666 1992 2949
7422651 2985 2950
7422665 14 2951
7426165 3500 2952
7436199 10034 2953
7442794 6595 2954
7444746 1952 2955
7445967 1221 2956
7450771 4804 2957
7451216 445 2958
7454543 3327 2959
7455704 1161 2960
7459918 4214 2961
7460628 710 2962
7463694 3066 2963
7474628 10934 2964
7477053 2425 2965
7480294 3241 2966
7484660 4366 2967
7485368 708 2968
7489986 4618 2969
7493473 3487 2970
7497490 4017 2971
7499059 1569 2972
7500864 1805 2973
7502703 1839 2974
7503165 462 2975
7503722 557 2976
7504076 354 2977
7505668 1592 2978
7513869 8201 2979
7520365 6496 2980
7521595 1230 2981
7522893 1298 2982
7523331 438 2983
7524517 1186 2984
7524536 19 2985
7524932 396 2986
7527800 2868 2987
7529139 1339 2988
7532322 3183 2989
7534058 1736 2990
7534242 184 2991
7542612 8370 2992
7544754 2142 2993
7548972 4218 2994
7549246 274 2995
7558576 9330 2996
7559548 972 2997
7562918 3370 2998
7563672 754 2999
7564964 1292 3000
7568003 3039 3001
7570207 2204 3002
7578338 8131 3003
7584097 5759 3004
7585855 1758 3005
7586059 204 3006
7586481 422 3007
7586769 288 3008
7592529 5760 3009
7610527 17998 3010
7615909 5382 3011
7617040 1131 3012
7619654 2614 3013
7620244 590 3014
7621292 1048 3015
7622505 1213 3016
7623916 1411 3017
7624516 600 3018
7627367 2851 3019
7629387 2020 3020
7632141 2754 3021
7632212 71 3022
7635629 3417 3023
7636808 1179 3024
7637428 620 3025
7637922 494 3026
7640243 2321 3027
7640631 388 3028
7640747 116 3029
7645725 4978 3030
7650372 4647 3031
7650772 400 3032
7651819 1047 3033
7652114 295 3034
7656401 4287 3035
7657175 774 3036
7659635 2460 3037
7662750 3115 3038
7664976 2226 3039
7668012 3036 3040
7670301 2289 3041
7675228 4927 3042
7675465 237 3043
7679044 3579 3044
7680050 1006 3045
7685020 4970 3046
7685444 424 3047
7687184 1740 3048
7688774 1590 3049
7692958 4184 3050
7695070 2112 3051
7697323 2253 3052
7697753 430 3053
7698229 476 3054
7698528 299 3055
7698882 354 3056
7699101 219 3057
7699351 250 3058
7705665 6314 3059
7707208 1543 3060
7707994 786 3061
7708306 312 3062
7708403 97 3063
7708738 335 3064
7708900 162 3065
7709513 613 3066
7710794 1281 3067
7711715 921 3068
7716721 5006 3069
7719069 2348 3070
7721124 2055 3071
7721478 354 3072
7721674 196 3073
7723855 2181 3074
7727216 3361 3075
7727639 423 3076
7728076 437 3077
7729676 1600 3078
7731719 2043 3079
7737616 5897 3080
7738447 831 3081
7740830 2383 3082
7744257 3427 3083
7747795 3538 3084
7749808 2013 3085
7750808 1000 3086
7751001 193 3087
7753349 2348 3088
7754038 689 3089
7756588 2550 3090
7759159 2571 3091
7760715 1556 3092
7762172 1457 3093
7763291 1119 3094
7763467 176 3095
7767157 3690 3096
7769337 2180 3097
7772969 3632 3098
7774301 1332 3099
7774969 668 3100
7777329 2360 3101
7778414 1085 3102
7784200 5786 3103
7785190 990 3104
7786048 858 3105
7789898 3850 3106
7791130 1232 3107
7791513 383 3108
7796250 4737 3109
7798114 1864 3110
7799396 1282 3111
7804863 5467 3112
7806898 2035 3113
7810489 3591 3114
7810714 225 3115
7813259 2545 3116
7813504 245 3117
7820267 6763 3118
7820560 293 3119
7824006 3446 3120
7825690 1684 3121
7827517 1827 3122
7832099 4582 3123
7833186 1087 3124
7833305 119 3125
7834191 886 3126
7835985 1794 3127
7836466 481 3128
7836580 114 3129
7839449 2869 3130
7844317 4868 3131
7847510 3193 3132
7849566 2056 3133
7851567 2001 3134
7855946 4379 3135
7857264 1318 3136
7859829 2565 3137
7860259 430 3138
7865128 4869 3139
7866824 1696 3140
7872377 5553 3141
7879778 7401 3142
7882064 2286 3143
7887329 5265 3144
7888228 899 3145
7895741 7513 3146
7897550 1809 3147
7899005 1455 3148
7904358 5353 3149
7905824 1466 3150
7910559 4735 3151
7912052 1493 3152
7912964 912 3153
7913313 349 3154
7913330 17 3155
7916553 3223 3156
7918272 1719 3157
7920781 2509 3158
7921577 796 3159
7927235 5658 3160
7938866 11631 3161
7939015 149 3162
7939742 727 3163
7940911 1169 3164
7946732 5821 3165
7950398 3666 3166
7952571 2173 3167
7954430 1859 3168
7958440 4010 3169
7959042 602 3170
7961447 2405 3171
7964582 3135 3172
7966940 2358 3173
7967449 509 3174
7968600 1151 3175
7968706 106 3176
7970152 1446 3177
7970477 325 3178
7972207 1730 3179
7973528 1321 3180
7975579 2051 3181
7977593 2014 3182
7979154 1561 3183
7981749 2595 3184
7984753 3004 3185
7993556 8803 3186
7994088 532 3187
7995030 942 3188
8000714 5684 3189
8001605 891 3190
8002208 603 3191
8003923 1715 3192
8004055 132 3193
8005254 1199 3194
8006420 1166 3195
8008262 1842 3196
8010895 2633 3197
8014863 3968 3198
8016427 1564 3199
8016601 174 3200
8020718 4117 3201
8022603 1885 3202
8023190 587 3203
8023436 246 3204
8027897 4461 3205
8035762 7865 3206
8050189 14427 3207
8053373 3184 3208
8055185 1812 3209
8058927 3742 3210
8059054 127 3211
8060658 1604 3212
8062588 1930 3213
8068617 6029 3214
8069010 393 3215
8077526 8516 3216
8078789 1263 3217
8085998 7209 3218
8090024 4026 3219
8096064 6040 3220
8098983 2919 3221
8101626 2643 3222
8102008 382 3223
8102429 421 3224
8105337 2908 3225
8110799 5462 3226
8113095 2296 3227
8117081 3986 3228
8120069 2988 3229
8121336 1267 3230
8121619 283 3231
8122640 1021 3232
8123133 493 3233
8128150 5017 3234
8132321 4171 3235
8132997 676 3236
8134808 1811 3237
8137421 2613 3238
8139289 1868 3239
8140615 1326 3240
8143124 2509 3241
8145753 2629 3242
8153780 8027 3243
8160026 6246 3244
8161564 1538 3245
8162679 1115 3246
8162715 36 3247
8164569 1854 3248
8177579 13010 3249
8178622 1043 3250
8181692 3070 3251
8182056 364 3252
8182508 452 3253
8185058 2550 3254
8189863 4805 3255
8195692 5829 3256
8197401 1709 3257
8197500 99 3258
8198611 1111 3259
8200657 2046 3260
8202656 1999 3261
8205431 2775 3262
8205526 95 3263
8209390 3864 3264
8210426 1036 3265
8216310 5884 3266
8223278 6968 3267
8226428 3150 3268
8226655 227 3269
8228515 1860 3270
8229587 1072 3271
8232727 3140 3272
8236734 4007 3273
8240635 3901 3274
8241323 688 3275
8246033 4710 3276
8246421 388 3277
8246464 43 3278
8254968 8504 3279
8257727 2759 3280
8258990 1263 3281
8259473 483 3282
8259818 345 3283
8260230 412 3284
8261009 779 3285
8263555 2546 3286
8265154 1599 3287
8265850 696 3288
8269795 3945 3289
8270407 612 3290
8278140 7733 3291
8282013 3873 3292
8283381 1368 3293
8283549 168 3294
8284007 458 3295
8290170 6163 3296
8291670 1500 3297
8293655 1985 3298
8293782 127 3299
8295002 1220 3300
8309668 14666 3301
8310030 362 3302
8310542 512 3303
8310800 258 3304
8311895 1095 3305
8317272 5377 3306
8320263 2991 3307
8328255 7992 3308
8328525 270 3309
8329867 1342 3310
8330447 580 3311
8330592 145 3312
8334949 4357 3313
8335516 567 3314
8335962 446 3315
8336644 682 3316
8337221 577 3317
8337452 231 3318
8340600 3148 3319
8341094 494 3320
8341438 344 3321
8343674 2236 3322
8344426 752 3323
8346167 1741 3324
8346194 27 3325
8350483 4289 3326
8350929 446 3327
8352189 1260 3328
8352248 59 3329
8352781 533 3330
8352972 191 3331
8360163 7191 3332
8366063 5900 3333
8370027 3964 3334
8370093 66 3335
8372551 2458 3336
8372694 143 3337
8377057 4363 3338
8379127 2070 3339
8379932 805 3340
8380918 986 3341
8387103 6185 3342
8392631 5528 3343
8393203 572 3344
8398866 5663 3345
8400678 1812 3346
8400700 22 3347
8402494 1794 3348
8407788 5294 3349
8413524 5736 3350
8413724 200 3351
8414878 1154 3352
8415725 847 3353
8419627 3902 3354
8419897 270 3355
8419991 94 3356
8420190 199 3357
8420957 767 3358
8421359 402 3359
8424503 3144 3360
8425395 892 3361
8429018 3623 3362
8430062 1044 3363
8436006 5944 3364
8441342 5336 3365
8445084 3742 3366
8451592 6508 3367
8452235 643 3368
8457421 5186 3369
8457986 565 3370
8460470 2484 3371
8461589 1119 3372
8462437 848 3373
8465467 3030 3374
8467646 2179 3375
8470971 3325 3376
8472429 1458 3377
8477825 5396 3378
8478684 859 3379
8478739 55 3380
8481617 2878 3381
8490485 8868 3382
8490512 27 3383
8492469 1957 3384
8498299 5830 3385
8505989 7690 3386
8508749 2760 3387
8511010 2261 3388
8519640 8630 3389
8524565 4925 3390
8524871 306 3391
8526568 1697 3392
8527684 1116 3393
8531980 4296 3394
8532609 629 3395
8535635 3026 3396
8539593 3958 3397
8541601 2008 3398
8542996 1395 3399
8544194 1198 3400
8545277 1083 3401
8554184 8907 3402
8555619 1435 3403
8559766 4147 3404
8562945 3179 3405
8564366 1421 3406
8565535 1169 3407
8565610 75 3408
8568735 3125 3409
8569152 417 3410
8571363 2211 3411
8572938 1575 3412
8574833 1895 3413
8575570 737 3414
8579453 3883 3415
8583096 3643 3416
8584201 1105 3417
8587350 3149 3418
8589888 2538 3419
8590086 198 3420
8594772 4686 3421
8596712 1940 3422
8597237 525 3423
8598225 988 3424
8599527 1302 3425
8600461 934 3426
8605316 4855 3427
8605357 41 3428
8606393 1036 3429
8608214 1821 3430
8609242 1028 3431
8609649 407 3432
8610692 1043 3433
8614305 3613 3434
8614917 612 3435
8616165 1248 3436
8619409 3244 3437
8620477 1068 3438
8635788 15311 3439
8639981 4193 3440
8643904 3923 3441
8643916 12 3442
8644675 759 3443
8645008 333 3444
8645777 769 3445
8652605 6828 3446
8656198 3593 3447
8656475 277 3448
8659696 3221 3449
8662215 2519 3450
8665022 2807 3451
8672812 7790 3452
8673687 875 3453
8679571 5884 3454
8682419 2848 3455
8684430 2011 3456
8689245 4815 3457
8690314 1069 3458
8693026 2712 3459
8693229 203 3460
8693814 585 3461
8695148 1334 3462
8697360 2212 3463
8697464 104 3464
8698513 1049 3465
8699678 1165 3466
8700417 739 3467
8700642 225 3468
8709303 8661 3469
8711724 2421 3470
8713078 1354 3471
8714226 1148 3472
8714298 72 3473
8716410 2112 3474
8717944 1534 3475
8718562 618 3476
8725932 7370 3477
8726737 805 3478
8729680 2943 3479
8730248 568 3480
8734350 4102 3481
8734936 586 3482
8737630 2694 3483
8738497 867 3484
8739946 1449 3485
8740356 410 3486
8742323 1967 3487
8745545 3222 3488
8746761 1216 3489
8749082 2321 3490
8751538 2456 3491
8754259 2721 3492
8754862 603 3493
8756959 2097 3494
8763559 6600 3495
8765711 2152 3496
8767594 1883 3497
8771352 3758 3498
8776775 5423 3499
8778799 2024 3500
8780009 1210 3501
8782709 2700 3502
8793610 10901 3503
8797350 3740 3504
8803204 5854 3505
8804105 901 3506
8811930 7825 3507
8812192 262 3508
8816527 4335 3509
8817742 1215 3510
8818924 1182 3511
8823734 4810 3512
8824119 385 3513
8832686 8567 3514
8833819 1133 3515
8838842 5023 3516
8843767 4925 3517
8843983 216 3518
8851868 7885 3519
8852086 218 3520
8852840 754 3521
8855746 2906 3522
8857550 1804 3523
8860628 3078 3524
8868973 8345 3525
8873509 4536 3526
8873955 446 3527
8874163 208 3528
8876197 2034 3529
8876216 19 3530
8876863 647 3531
8878246 1383 3532
8882196 3950 3533
8885297 3101 3534
8885813 516 3535
8885876 63 3536
8897730 11854 3537
8907444 9714 3538
8914392 6948 3539
8914422 30 3540
8920374 5952 3541
8920965 591 3542
8922595 1630 3543
8924806 2211 3544
8937831 13025 3545
8941867 4036 3546
8944637 2770 3547
8945793 1156 3548
8951676 5883 3549
8954216 2540 3550
8955139 923 3551
8971612 16473 3552
8972693 1081 3553
8974910 2217 3554
8981967 7057 3555
8983429 1462 3556
8986807 3378 3557
8987314 507 3558
8988107 793 3559
8988190 83 3560
8989095 905 3561
8991470 2375 3562
8995375 3905 3563
8995924 549 3564
8996824 900 3565
8997752 928 3566
8997992 240 3567
9000601 2609 3568
9001946 1345 3569
9004811 2865 3570
9007582 2771 3571
9010890 3308 3572
9011293 403 3573
9011701 408 3574
9013447 1746 3575
9017151 3704 3576
9019906 2755 3577
9024300 4394 3578
9025145 845 3579
9027844 2699 3580
9028023 179 3581
9028634 611 3582
9031635 3001 3583
9032388 753 3584
9032388 753 3584
9040924 8536 3585
9041362 438 3586
9050188 8826 3587
9050807 619 3588
9058333 7526 3589
9059704 1371 3590
9061008 1304 3591
9061594 586 3592
9063515 1921 3593
9067487 3972 3594
9071504 4017 3595
9075454 3950 3596
9076757 1303 3597
9080017 3260 3598
9080103 86 3599
9080136 33 3600